10.015555555555556
7.682777777777778
6.066111111111111
6.381666666666667
7.524444444444445
5.252222222222223
5.642962962962963
6.364074074074074
4.831851851851852
3.938148148148148
5.137407407407407
4.972037037037037
4.145740740740741
4.103703703703704
4.393148148148148
4.214074074074074
4.312407407407408
4.498518518518519
4.670555555555556
4.888333333333334
6.1268518518518515
5.378333333333333
5.764814814814815
5.5
5.278888888888889
3.742037037037037
4.562962962962963
5.892222222222222
4.120555555555556
5.370925925925926
4.738333333333333
6.5274074074074075
2.942037037037037
4.260555555555555
8.642962962962963
3.894814814814815
8.709074074074074
4.203333333333333
8.146296296296295
5.240925925925926
18.508703703703702
6.961481481481481
16.53185185185185
20.142407407407408
23.303148148148146
13.548148148148147
30.960185185185185
37.26574074074074
42.26851851851852
53.97537037037037
