2560.0456050059074
2640.890136297766
2785.226793687808
2819.5052659661173
2581.24915338363
2927.001448618039
2996.631405763611
2875.620347532693
2869.839422684804
2963.7476934001083
2920.643930696898
3005.8806059466533
3164.0129035484647
3219.383284962387
3342.5454572939448
2934.778072797832
3168.368133607719
3117.299158960112
3188.1295686407216
2950.211771523029
3024.1254507137432
2967.482563642603
2418.7341773763924
2946.7002379140654
3294.7129739651486
3266.216674068458
3010.374090818076
3114.3986966850907
3201.565026747703
2946.8649647977795
3110.334327564423
2763.486143121353
3380.932702861037
3249.0222597939064
2756.58182728671
2414.0948021641807
2744.467112902864
3135.8047423851754
3004.919375851814
2440.5480429448626
1866.2045697493493
2603.1019844946923
1744.566039605089
1768.127037799038
1569.8625591839684
2462.578393251768
1404.1164949902766
1637.2044272273681
1518.2266791822353
1268.6024055859302
