8.646666666666667
7.269074074074074
7.738888888888889
7.177962962962963
7.410925925925926
7.433333333333334
6.18
6.532407407407407
5.12462962962963
7.9527777777777775
5.664074074074074
5.686111111111111
5.479259259259259
4.622592592592593
4.967592592592593
4.5287037037037035
4.616481481481482
25.70111111111111
5.027037037037037
4.6157407407407405
5.74574074074074
4.733888888888889
4.988703703703703
4.2572222222222225
4.245
4.688888888888889
4.436481481481482
4.272222222222222
3.687777777777778
5.215740740740741
7.721851851851852
4.587037037037037
10.087592592592593
3.1127777777777776
4.394814814814815
8.705370370370371
6.33537037037037
6.167592592592593
5.352592592592592
3.7042592592592594
2.684814814814815
4.6103703703703705
4.1194444444444445
3.280925925925926
2.5155555555555558
4.956851851851852
3.880925925925926
3.5027777777777778
6.056111111111111
4.737777777777778
