6.5596296296296295
6.5942592592592595
5.428333333333334
4.701481481481482
5.980185185185185
5.856296296296296
5.956851851851852
5.158703703703703
5.2155555555555555
4.84
4.414259259259259
4.291666666666667
4.073333333333333
3.9705555555555554
4.460740740740741
3.680740740740741
3.3961111111111113
3.5525925925925925
3.2803703703703704
3.703148148148148
3.1394444444444445
2.4162962962962964
3.2668518518518517
2.5011111111111113
2.5785185185185187
128.485
2.9716666666666667
2.756111111111111
2.647037037037037
3.689814814814815
