7.048333333333333
6.734259259259259
8.330925925925927
7.974444444444444
7.411851851851852
8.589814814814815
6.800925925925926
5.608333333333333
5.590740740740741
5.401666666666666
4.887222222222222
5.085925925925926
4.6268518518518515
4.810370370370371
4.419074074074074
4.982407407407408
5.616666666666666
5.032592592592593
4.224814814814815
4.977962962962963
9.309444444444445
3.7798148148148147
5.531851851851852
4.933333333333334
4.149444444444445
4.542777777777777
4.387222222222222
3.9362962962962964
3.885740740740741
3.777037037037037
5.5035185185185185
2.750185185185185
3.9496296296296296
3.8312962962962964
6.0579629629629625
3.917222222222222
3.4248148148148148
3.3853703703703704
2.921111111111111
3.102962962962963
3.8087037037037037
2.4187037037037036
2.7546296296296298
2.4125925925925924
7.635370370370371
6.639259259259259
2.447962962962963
3.887777777777778
3.4594444444444443
2.126851851851852
