6.312777777777778
6.268703703703704
7.938888888888889
6.293703703703704
5.969444444444444
6.802962962962963
5.950555555555556
5.722407407407408
5.366481481481482
4.48
5.243518518518519
4.985
4.57
6.57
4.529814814814815
4.088518518518518
5.49462962962963
3.760740740740741
3.33
3.4431481481481483
3.633703703703704
4.760925925925926
3.9446296296296297
3.489074074074074
3.172037037037037
4.162592592592593
3.0
3.0496296296296297
4.1755555555555555
4.048148148148148
2.6303703703703705
3.2425925925925925
2.888148148148148
2.942962962962963
2.8275925925925924
3.4833333333333334
2.7087037037037036
2.7935185185185185
2.6937037037037035
2.8538888888888887
2.611851851851852
2.4583333333333335
3.314814814814815
2.129814814814815
2.3362962962962963
2.7862962962962965
8.852407407407407
2.2855555555555553
2.375185185185185
2.404259259259259
