7.6792592592592595
17.739444444444445
8.164814814814815
7.822037037037037
5.227777777777778
7.326481481481482
6.607037037037037
5.585555555555556
5.33962962962963
8.044629629629629
4.810370370370371
5.132962962962963
5.041666666666667
4.872592592592593
4.394259259259259
4.54425925925926
4.4
5.2011111111111115
3.9898148148148147
4.310555555555555
3.5927777777777776
4.441111111111111
5.301851851851852
4.159074074074074
4.945
4.221851851851852
3.191666666666667
5.777962962962963
3.9392592592592592
3.989259259259259
4.877962962962963
5.373703703703704
5.42462962962963
5.413333333333333
7.5616666666666665
3.9972222222222222
12.60574074074074
5.113518518518519
3.6237037037037036
3.844259259259259
13.339814814814815
3.131666666666667
12.017777777777777
22.203518518518518
16.190925925925924
9.17925925925926
39.21037037037037
33.93185185185185
20.535740740740742
25.839259259259258
