7.15962962962963
9.399074074074074
9.559444444444445
5.660555555555556
6.637222222222222
5.486666666666666
5.9024074074074075
6.324074074074074
5.013888888888889
6.317592592592592
14.220555555555556
5.6124074074074075
5.586111111111111
4.468333333333334
6.246851851851852
5.3261111111111115
25.483703703703704
7.849814814814815
6.2646296296296295
6.162592592592593
7.102222222222222
12.085740740740741
6.226851851851852
6.321111111111111
5.238518518518519
6.392777777777778
7.083888888888889
4.410925925925926
7.6883333333333335
9.634814814814815
7.193148148148148
9.038333333333334
5.213148148148148
6.6722222222222225
7.212407407407407
10.774074074074074
11.427962962962964
6.519629629629629
4.612962962962963
15.050185185185185
24.555925925925926
6.055555555555555
20.867037037037036
11.115925925925925
14.143888888888888
41.61074074074074
223.8935185185185
57.24944444444444
141.57703703703703
263.7916666666667
